Diane_main.java
1.0
0.09090909090909091
0.027027027027027025
0.030303030303030304
0.023809523809523808
0.0
0.0
0.0
0.18421052631578946
0.044444444444444446
0.0
0.06451612903225806
0.05714285714285714
0.0
0.04878048780487805
0.0
0.10204081632653061
0.022222222222222223
0.14
0.0
0.08333333333333331
0.07692307692307693
0.021739130434782608
0.05405405405405405
0.0
0.0
0.0
0.0
0.027777777777777776
0.013888888888888888
0.0
0.019230769230769232
0.0
0.0
0.02857142857142857


Ding_main.java
0.09090909090909091
1.0
0.023255813953488372
0.02564102564102564
0.02083333333333333
0.0
0.0
0.019230769230769232
0.09090909090909091
0.0588235294117647
0.0196078431372549
0.0
0.04878048780487805
0.0
0.0
0.017857142857142856
0.01818181818181818
0.1176470588235294
0.03571428571428571
0.0
0.023809523809523808
0.017241379310344827
0.019230769230769232
0.046511627906976744
0.0
0.009259259259259259
0.038461538461538464
0.043478260869565216
0.0
0.02564102564102564
0.0
0.05172413793103448
0.0
0.0
0.024390243902439025


Emer_main.java
0.027027027027027025
0.023255813953488372
1.0
0.0
0.0
0.0
0.1875
0.0
0.07692307692307693
0.030303030303030304
0.0
0.0
0.043478260869565216
0.9069767441860465
0.3103448275862069
0.0
0.0
0.030303030303030304
0.631578947368421
0.0
0.0
0.0
0.2352941176470588
0.04
0.0
0.06666666666666667
0.0
0.32142857142857145
0.0
0.0
0.0
0.125
0.0
0.0
0.043478260869565216


Emil_main.java
0.030303030303030304
0.02564102564102564
0.0
1.0
0.19230769230769235
0.0967741935483871
0.0
0.13333333333333333
0.045454545454545456
0.06896551724137931
0.0
0.26666666666666666
0.05263157894736842
0.0
0.12
0.0
0.0
0.034482758620689655
0.0
0.0
0.25
0.05555555555555555
0.0
0.09523809523809523
0.0
0.0
0.13333333333333333
0.16666666666666663
0.0
0.0
0.0
0.0
0.03125
0.0
0.0


Enghoy_main.java
0.023809523809523808
0.02083333333333333
0.0
0.19230769230769235
1.0
0.075
0.0
0.10256410256410256
0.03225806451612903
0.05128205128205128
0.0
0.16666666666666663
0.25
0.0
0.08571428571428572
0.0
0.0
0.02631578947368421
0.0
0.0
0.16666666666666663
0.044444444444444446
0.0
0.06666666666666667
0.0
0.0
0.10256410256410256
0.32352941176470584
0.0
0.0
0.0
0.0
0.06756756756756757
0.0
0.0


Francis_main.java
0.0
0.0
0.0
0.0967741935483871
0.075
1.0
0.0
0.06818181818181818
0.0
0.0
0.0
0.13793103448275862
0.0
0.0
0.10256410256410256
0.0
0.02127659574468085
0.0
0.0
0.0
0.1176470588235294
0.02
0.0
0.0
0.0
0.0
0.06818181818181818
0.07894736842105263
0.0
0.0
0.0
0.0
0.05128205128205128
0.038461538461538464
0.0


Hanna_main.cpp
0.0
0.0
0.1875
0.0
0.0
0.0
1.0
0.04878048780487805
0.0
0.0
0.8
0.0
0.03333333333333333
0.7
0.16666666666666663
1.0
0.0
0.0
0.35555555555555557
1.0
0.0
0.0425531914893617
0.14634146341463414
0.03125
0.9555555555555556
0.0824742268041237
0.0
0.17142857142857143
0.6129032258064516
0.6865671641791045
0.0
0.0425531914893617
0.44
0.0
0.0


Hans_main.java
0.0
0.019230769230769232
0.0
0.13333333333333333
0.10256410256410256
0.06818181818181818
0.04878048780487805
1.0
0.0
0.023809523809523808
0.0
0.14285714285714285
0.0625
0.0
0.07894736842105263
0.0
0.043478260869565216
0.023809523809523808
0.0
0.0
0.12121212121212122
0.020408163265306124
0.0
0.08823529411764706
0.0
0.0
0.09302325581395349
0.1081081081081081
0.0
0.0
0.0
0.0
0.03896103896103896
0.04
0.0


Isaiah_main.java
0.18421052631578946
0.09090909090909091
0.07692307692307693
0.045454545454545456
0.03225806451612903
0.0
0.0
0.0
1.0
0.0588235294117647
0.0
0.1
0.08333333333333331
0.0
0.06666666666666667
0.0
0.13157894736842105
0.0588235294117647
0.07692307692307693
0.0
0.04
0.0975609756097561
0.02857142857142857
0.07692307692307693
0.0
0.0
0.0
0.0
0.0
0.0
0.0
0.024390243902439025
0.0
0.0
0.04166666666666666


Jan_main.java
0.044444444444444446
0.0588235294117647
0.030303030303030304
0.06896551724137931
0.05128205128205128
0.0
0.0
0.023809523809523808
0.0588235294117647
1.0
0.0
0.037037037037037035
0.0967741935483871
0.019230769230769232
0.0
0.021739130434782608
0.0
0.07317073170731707
0.02127659574468085
0.0
0.06060606060606061
0.02083333333333333
0.023809523809523808
0.12121212121212122
0.0
0.010204081632653062
0.023809523809523808
0.05405405405405405
0.0
0.028985507246376812
0.0
0.04166666666666666
0.0
0.0
0.03225806451612903


Jay_main.cpp
0.0
0.0196078431372549
0.0
0.0
0.0
0.0
0.8
0.0
0.0
0.0
1.0
0.0
0.0
0.5192307692307693
0.0
1.0
0.0
0.0
0.06382978723404255
1.0
0.0
0.02083333333333333
0.0
0.0
1.0
0.07142857142857142
0.0
0.05405405405405405
1.0
1.0
0.0
0.0
1.0
0.0
0.0


Jeff_main.java
0.06451612903225806
0.0
0.0
0.26666666666666666
0.16666666666666663
0.13793103448275862
0.0
0.14285714285714285
0.1
0.037037037037037035
0.0
1.0
0.0588235294117647
0.0
0.17391304347826086
0.0
0.0967741935483871
0.0
0.03125
0.0
0.2777777777777778
0.08823529411764706
0.03571428571428571
0.05263157894736842
0.0
0.0
0.10714285714285714
0.13636363636363635
0.0
0.0
0.0
0.0
0.06451612903225806
0.1
0.0


Jelo_main.java
0.05714285714285714
0.04878048780487805
0.043478260869565216
0.05263157894736842
0.25
0.0
0.03333333333333333
0.0625
0.08333333333333331
0.0967741935483871
0.0
0.0588235294117647
1.0
0.0
0.0
0.027777777777777776
0.0
0.06451612903225806
0.027777777777777776
0.0
0.045454545454545456
0.02631578947368421
0.03125
0.13043478260869565
0.0
0.011363636363636364
0.0
0.038461538461538464
0.0
0.034482758620689655
0.0
0.05263157894736842
0.0
0.0
0.047619047619047616


Jessica_main.cpp
0.0
0.0
0.9069767441860465
0.0
0.0
0.0
0.7
0.0
0.0
0.019230769230769232
0.5192307692307693
0.0
0.0
1.0
0.8125
0.875
0.0
0.0
1.0
0.9295774647887324
0.0
0.0
0.5
0.023255813953488372
0.7142857142857143
0.25
0.0
0.8297872340425532
0.37209302325581395
0.5316455696202531
0.0
0.22413793103448276
0.3448275862068966
0.0
0.0


Jet_main.java
0.04878048780487805
0.0
0.3103448275862069
0.12
0.08571428571428572
0.10256410256410256
0.16666666666666663
0.07894736842105263
0.06666666666666667
0.0
0.0
0.17391304347826086
0.0
0.8125
1.0
0.0
0.12195121951219512
0.0
0.6046511627906976
0.0
0.13793103448275862
0.06818181818181818
0.15789473684210525
0.0
0.0
0.06382978723404255
0.07894736842105263
0.36363636363636365
0.0
0.0
0.0
0.06818181818181818
0.0410958904109589
0.09523809523809523
0.0


JM_main.cpp
0.0
0.017857142857142856
0.0
0.0
0.0
0.0
1.0
0.0
0.0
0.021739130434782608
1.0
0.0
0.027777777777777776
0.875
0.0
1.0
0.0
0.021739130434782608
0.0196078431372549
1.0
0.0
0.0
0.0
0.0
1.0
0.02912621359223301
0.0
0.024390243902439025
1.0
1.0
0.0
0.018867924528301886
1.0
0.0
0.0


Johnal_main.java
0.10204081632653061
0.01818181818181818
0.0
0.0
0.0
0.02127659574468085
0.0
0.043478260869565216
0.13157894736842105
0.0
0.0
0.0967741935483871
0.0
0.0
0.12195121951219512
0.0
1.0
0.022222222222222223
0.14
0.0
0.027777777777777776
0.09615384615384617
0.0
0.0
0.0
0.0
0.021739130434782608
0.0
0.0
0.0
0.02857142857142857
0.019230769230769232
0.025
0.03571428571428571
0.0


Josef_main.java
0.022222222222222223
0.1176470588235294
0.030303030303030304
0.034482758620689655
0.02631578947368421
0.0
0.0
0.023809523809523808
0.0588235294117647
0.07317073170731707
0.0
0.0
0.06451612903225806
0.0
0.0
0.021739130434782608
0.022222222222222223
1.0
0.021739130434782608
0.0
0.03125
0.04166666666666666
0.023809523809523808
0.06060606060606061
0.0
0.010204081632653062
0.047619047619047616
0.05555555555555555
0.0
0.02941176470588235
0.0
0.0625
0.0
0.0
0.03225806451612903


Kenley_main.java
0.14
0.03571428571428571
0.631578947368421
0.0
0.0
0.0
0.35555555555555557
0.0
0.07692307692307693
0.02127659574468085
0.06382978723404255
0.03125
0.027777777777777776
1.0
0.6046511627906976
0.0196078431372549
0.14
0.021739130434782608
1.0
0.0
0.10526315789473684
0.09433962264150944
0.3404255319148936
0.0
0.0
0.1650485436893204
0.0
0.6904761904761905
0.0
0.027027027027027025
0.0
0.169811320754717
0.0
0.0
0.0


Kyle_main.cpp
0.0
0.0
0.0
0.0
0.0
0.0
1.0
0.0
0.0
0.0
1.0
0.0
0.0
0.9295774647887324
0.0
1.0
0.0
0.0
0.0
1.0
0.0
0.0
0.0
0.0
1.0
0.042372881355932195
0.0
0.0
1.0
1.0
0.0
0.0
1.0
0.0
0.0


Llarenas_main.java
0.08333333333333331
0.023809523809523808
0.0
0.25
0.16666666666666663
0.1176470588235294
0.0
0.12121212121212122
0.04
0.06060606060606061
0.0
0.2777777777777778
0.045454545454545456
0.0
0.13793103448275862
0.0
0.027777777777777776
0.03125
0.10526315789473684
0.0
1.0
0.05128205128205128
0.0
0.08333333333333331
0.0
0.0
0.12121212121212122
0.14285714285714285
0.0
0.0
0.0
0.0
0.04411764705882353
0.0625
0.09090909090909091


Luis_main.java
0.07692307692307693
0.017241379310344827
0.0
0.05555555555555555
0.044444444444444446
0.02
0.0425531914893617
0.020408163265306124
0.0975609756097561
0.02083333333333333
0.02083333333333333
0.08823529411764706
0.02631578947368421
0.0
0.06818181818181818
0.0
0.09615384615384617
0.04166666666666666
0.09433962264150944
0.0
0.05128205128205128
1.0
0.04081632653061225
0.025
0.0
0.0380952380952381
0.020408163265306124
0.06976744186046512
0.0
0.0
0.05263157894736842
0.0
0.10843373493975904
0.0
0.0


Malcolm_main.java
0.021739130434782608
0.019230769230769232
0.2352941176470588
0.0
0.0
0.0
0.14634146341463414
0.0
0.02857142857142857
0.023809523809523808
0.0
0.03571428571428571
0.03125
0.5
0.15789473684210525
0.0
0.0
0.023809523809523808
0.3404255319148936
0.0
0.0
0.04081632653061225
1.0
0.02941176470588235
0.0
0.04040404040404041
0.0
0.16216216216216217
0.0
0.0
0.125
0.0816326530612245
0.0
0.0
0.03125


Marc_main.java
0.05405405405405405
0.046511627906976744
0.04
0.09523809523809523
0.06666666666666667
0.0
0.03125
0.08823529411764706
0.07692307692307693
0.12121212121212122
0.0
0.05263157894736842
0.13043478260869565
0.023255813953488372
0.0
0.0
0.0
0.06060606060606061
0.0
0.0
0.08333333333333331
0.025
0.02941176470588235
1.0
0.02631578947368421
0.0
0.02941176470588235
0.03571428571428571
0.0
0.0
0.0
0.025
0.0
0.0
0.043478260869565216


Matthew_main.cpp
0.0
0.0
0.0
0.0
0.0
0.0
0.9555555555555556
0.0
0.0
0.0
1.0
0.0
0.0
0.7142857142857143
0.0
1.0
0.0
0.0
0.0
1.0
0.0
0.0
0.0
0.02631578947368421
1.0
0.02912621359223301
0.0
0.0
1.0
1.0
0.0
0.0
1.0
0.0
0.0


Parco_main.cpp
0.0
0.009259259259259259
0.06666666666666667
0.0
0.0
0.0
0.0824742268041237
0.0
0.0
0.010204081632653062
0.07142857142857142
0.0
0.011363636363636364
0.25
0.06382978723404255
0.02912621359223301
0.0
0.010204081632653062
0.1650485436893204
0.042372881355932195
0.0
0.0380952380952381
0.04040404040404041
0.0
0.02912621359223301
1.0
0.0
0.07526881720430108
0.033707865168539325
0.048
0.0
0.02857142857142857
0.03007518796992481
0.0
0.0


Portu_main.java
0.0
0.038461538461538464
0.0
0.13333333333333333
0.10256410256410256
0.06818181818181818
0.0
0.09302325581395349
0.0
0.023809523809523808
0.0
0.10714285714285714
0.0
0.0
0.07894736842105263
0.0
0.021739130434782608
0.047619047619047616
0.0
0.0
0.12121212121212122
0.020408163265306124
0.0
0.02941176470588235
0.0
0.0
1.0
0.1081081081081081
0.0
0.0
0.0
0.020408163265306124
0.025974025974025972
0.04
0.0


Ralph_main.java
0.0
0.043478260869565216
0.32142857142857145
0.16666666666666663
0.32352941176470584
0.07894736842105263
0.17142857142857143
0.1081081081081081
0.0
0.05405405405405405
0.05405405405405405
0.13636363636363635
0.038461538461538464
0.8297872340425532
0.36363636363636365
0.024390243902439025
0.0
0.05555555555555555
0.6904761904761905
0.0
0.14285714285714285
0.06976744186046512
0.16216216216216217
0.03571428571428571
0.0
0.07526881720430108
0.1081081081081081
1.0
0.0
0.03125
0.0
0.09302325581395349
0.05555555555555555
0.0
0.0


Rhennie_main.cpp
0.027777777777777776
0.0
0.0
0.0
0.0
0.0
0.6129032258064516
0.0
0.0
0.0
1.0
0.0
0.0
0.37209302325581395
0.0
1.0
0.0
0.0
0.0
1.0
0.0
0.0
0.0
0.0
1.0
0.033707865168539325
0.0
0.0
1.0
1.0
0.0
0.0
0.7352941176470589
0.0
0.0


Roanne_main.cpp
0.013888888888888888
0.02564102564102564
0.0
0.0
0.0
0.0
0.6865671641791045
0.0
0.0
0.028985507246376812
1.0
0.0
0.034482758620689655
0.5316455696202531
0.0
1.0
0.0
0.02941176470588235
0.027027027027027025
1.0
0.0
0.0
0.0
0.0
1.0
0.048
0.0
0.03125
1.0
1.0
0.0
0.02666666666666667
1.0
0.0
0.0


Ryan_main.java
0.0
0.0
0.0
0.0
0.0
0.0
0.0
0.0
0.0
0.0
0.0
0.0
0.0
0.0
0.0
0.0
0.02857142857142857
0.0
0.0
0.0
0.0
0.05263157894736842
0.125
0.0
0.0
0.0
0.0
0.0
0.0
0.0
1.0
0.0
0.0
0.0
0.0


Sabu_main.java
0.019230769230769232
0.05172413793103448
0.125
0.0
0.0
0.0
0.0425531914893617
0.0
0.024390243902439025
0.04166666666666666
0.0
0.0
0.05263157894736842
0.22413793103448276
0.06818181818181818
0.018867924528301886
0.019230769230769232
0.0625
0.169811320754717
0.0
0.0
0.0
0.0816326530612245
0.025
0.0
0.02857142857142857
0.020408163265306124
0.09302325581395349
0.0
0.02666666666666667
0.0
1.0
0.0
0.0
0.02631578947368421


Teddy_main.java
0.0
0.0
0.0
0.03125
0.06756756756756757
0.05128205128205128
0.44
0.03896103896103896
0.0
0.0
1.0
0.06451612903225806
0.0
0.3448275862068966
0.0410958904109589
1.0
0.025
0.0
0.0
1.0
0.04411764705882353
0.10843373493975904
0.0
0.0
1.0
0.03007518796992481
0.025974025974025972
0.05555555555555555
0.7352941176470589
1.0
0.0
0.0
1.0
0.016666666666666666
0.0


TJ_main.java
0.0
0.0
0.0
0.0
0.0
0.038461538461538464
0.0
0.04
0.0
0.0
0.0
0.1
0.0
0.0
0.09523809523809523
0.0
0.03571428571428571
0.0
0.0
0.0
0.0625
0.0
0.0
0.0
0.0
0.0
0.04
0.0
0.0
0.0
0.0
0.0
0.016666666666666666
1.0
0.0


Virgil_main.java
0.02857142857142857
0.024390243902439025
0.043478260869565216
0.0
0.0
0.0
0.0
0.0
0.04166666666666666
0.03225806451612903
0.0
0.0
0.047619047619047616
0.0
0.0
0.0
0.0
0.03225806451612903
0.0
0.0
0.09090909090909091
0.0
0.03125
0.043478260869565216
0.0
0.0
0.0
0.0
0.0
0.0
0.0
0.02631578947368421
0.0
0.0
1.0


